{
 "cells": [
  {
   "cell_type": "code",
   "execution_count": 1,
   "metadata": {},
   "outputs": [],
   "source": [
    "import numpy as np\n",
    "import matplotlib.pyplot as plt"
   ]
  },
  {
   "cell_type": "code",
   "execution_count": 2,
   "metadata": {},
   "outputs": [],
   "source": [
    "A=np.array([[2,-1],[3,1]])\n",
    "x=[2,-1]\n",
    "y=[3,1]"
   ]
  },
  {
   "cell_type": "code",
   "execution_count": 3,
   "metadata": {},
   "outputs": [],
   "source": [
    "a=([[2,1],[1,2]])"
   ]
  },
  {
   "cell_type": "code",
   "execution_count": 4,
   "metadata": {
    "scrolled": true
   },
   "outputs": [
    {
     "data": {
      "text/plain": [
       "(array([3., 1.]),\n",
       " array([[ 0.70710678, -0.70710678],\n",
       "        [ 0.70710678,  0.70710678]]))"
      ]
     },
     "execution_count": 4,
     "metadata": {},
     "output_type": "execute_result"
    }
   ],
   "source": [
    "np.linalg.eig(a)"
   ]
  },
  {
   "cell_type": "code",
   "execution_count": 5,
   "metadata": {
    "scrolled": true
   },
   "outputs": [
    {
     "data": {
      "text/plain": [
       "array([[ 0.5,  0.5],\n",
       "       [ 0.5, -0.5]])"
      ]
     },
     "execution_count": 5,
     "metadata": {},
     "output_type": "execute_result"
    }
   ],
   "source": [
    "v=([[1,1],[1,-1]])\n",
    "np.linalg.inv(v)"
   ]
  },
  {
   "cell_type": "code",
   "execution_count": 6,
   "metadata": {},
   "outputs": [
    {
     "data": {
      "text/plain": [
       "(array([[-0.70710678, -0.70710678],\n",
       "        [-0.70710678,  0.70710678]]),\n",
       " array([3., 1.]),\n",
       " array([[-0.70710678, -0.70710678],\n",
       "        [-0.70710678,  0.70710678]]))"
      ]
     },
     "execution_count": 6,
     "metadata": {},
     "output_type": "execute_result"
    }
   ],
   "source": [
    "np.linalg.svd(a)"
   ]
  },
  {
   "cell_type": "code",
   "execution_count": 7,
   "metadata": {},
   "outputs": [
    {
     "data": {
      "text/plain": [
       "(array([1.5+1.6583124j, 1.5-1.6583124j]),\n",
       " array([[0.14433757+0.47871355j, 0.14433757-0.47871355j],\n",
       "        [0.8660254 +0.j        , 0.8660254 -0.j        ]]))"
      ]
     },
     "execution_count": 7,
     "metadata": {},
     "output_type": "execute_result"
    }
   ],
   "source": [
    "s1,v1=np.linalg.eig(A)\n",
    "np.linalg.eig(A)"
   ]
  },
  {
   "cell_type": "code",
   "execution_count": 8,
   "metadata": {},
   "outputs": [
    {
     "data": {
      "text/plain": [
       "(array([1.5+1.6583124j, 1.5-1.6583124j]),\n",
       " array([[ 0.8660254 +0.j        ,  0.8660254 -0.j        ],\n",
       "        [-0.14433757+0.47871355j, -0.14433757-0.47871355j]]))"
      ]
     },
     "execution_count": 8,
     "metadata": {},
     "output_type": "execute_result"
    }
   ],
   "source": [
    "s2,v2=np.linalg.eig(A.T)\n",
    "np.linalg.eig(A.T)"
   ]
  },
  {
   "cell_type": "code",
   "execution_count": 9,
   "metadata": {},
   "outputs": [
    {
     "data": {
      "text/plain": [
       "array([[ 0.33333333+0.5527708j, -0.125     +0.4145781j],\n",
       "       [ 0.625     +0.4145781j,  0.625     -0.4145781j]])"
      ]
     },
     "execution_count": 9,
     "metadata": {},
     "output_type": "execute_result"
    }
   ],
   "source": [
    "np.round(np.dot(v1,v2),10)"
   ]
  },
  {
   "cell_type": "code",
   "execution_count": 10,
   "metadata": {},
   "outputs": [
    {
     "data": {
      "text/plain": [
       "array([[0.14433757+0.47871355j, 0.8660254 +0.j        ],\n",
       "       [0.14433757-0.47871355j, 0.8660254 -0.j        ]])"
      ]
     },
     "execution_count": 10,
     "metadata": {},
     "output_type": "execute_result"
    }
   ],
   "source": [
    "v1.T"
   ]
  },
  {
   "cell_type": "code",
   "execution_count": 11,
   "metadata": {},
   "outputs": [
    {
     "data": {
      "text/plain": [
       "array([[ 1.01036297+0.47871355j, -0.72168784+0.47871355j],\n",
       "       [ 1.01036297-0.47871355j, -0.72168784-0.47871355j]])"
      ]
     },
     "execution_count": 11,
     "metadata": {},
     "output_type": "execute_result"
    }
   ],
   "source": [
    "np.dot(v1.T,v)"
   ]
  },
  {
   "cell_type": "markdown",
   "metadata": {},
   "source": [
    "### 2x3"
   ]
  },
  {
   "cell_type": "code",
   "execution_count": 12,
   "metadata": {},
   "outputs": [],
   "source": [
    "# m x n test\n",
    "A=np.array([[2,1,3],[1,2,3]])"
   ]
  },
  {
   "cell_type": "code",
   "execution_count": 13,
   "metadata": {
    "scrolled": false
   },
   "outputs": [
    {
     "data": {
      "text/plain": [
       "(array([[ 0.70710678, -0.70710678],\n",
       "        [ 0.70710678,  0.70710678]]),\n",
       " array([5.19615242, 1.        ]),\n",
       " array([[ 4.08248290e-01,  4.08248290e-01,  8.16496581e-01],\n",
       "        [-7.07106781e-01,  7.07106781e-01,  6.86286675e-17],\n",
       "        [-5.77350269e-01, -5.77350269e-01,  5.77350269e-01]]))"
      ]
     },
     "execution_count": 13,
     "metadata": {},
     "output_type": "execute_result"
    }
   ],
   "source": [
    "u,s,v = np.linalg.svd(A)\n",
    "np.linalg.svd(A)"
   ]
  },
  {
   "cell_type": "code",
   "execution_count": 21,
   "metadata": {},
   "outputs": [
    {
     "data": {
      "text/plain": [
       "-1.824218252474059e-16"
      ]
     },
     "execution_count": 21,
     "metadata": {},
     "output_type": "execute_result"
    }
   ],
   "source": [
    "np.dot(v[1].T,v[2])"
   ]
  },
  {
   "cell_type": "code",
   "execution_count": 14,
   "metadata": {
    "scrolled": true
   },
   "outputs": [
    {
     "data": {
      "text/plain": [
       "array([[14, 13],\n",
       "       [13, 14]])"
      ]
     },
     "execution_count": 14,
     "metadata": {},
     "output_type": "execute_result"
    }
   ],
   "source": [
    "#(A.A^T)u\n",
    "b=np.dot(A,A.T)\n",
    "np.dot(A,A.T)"
   ]
  },
  {
   "cell_type": "code",
   "execution_count": 15,
   "metadata": {
    "scrolled": true
   },
   "outputs": [
    {
     "data": {
      "text/plain": [
       "(array([[-0.70710678, -0.70710678],\n",
       "        [-0.70710678,  0.70710678]]),\n",
       " array([27.,  1.]),\n",
       " array([[-0.70710678, -0.70710678],\n",
       "        [-0.70710678,  0.70710678]]))"
      ]
     },
     "execution_count": 15,
     "metadata": {},
     "output_type": "execute_result"
    }
   ],
   "source": [
    "np.linalg.svd(b)"
   ]
  },
  {
   "cell_type": "code",
   "execution_count": 16,
   "metadata": {
    "scrolled": true
   },
   "outputs": [
    {
     "data": {
      "text/plain": [
       "array([[ 5,  4,  9],\n",
       "       [ 4,  5,  9],\n",
       "       [ 9,  9, 18]])"
      ]
     },
     "execution_count": 16,
     "metadata": {},
     "output_type": "execute_result"
    }
   ],
   "source": [
    "c=np.dot(A.T,A)\n",
    "np.dot(A.T,A)"
   ]
  },
  {
   "cell_type": "code",
   "execution_count": 67,
   "metadata": {
    "scrolled": true
   },
   "outputs": [
    {
     "data": {
      "text/plain": [
       "(array([ 2.70000000e+01,  1.00000000e+00, -2.43466418e-16]),\n",
       " array([[-4.08248290e-01, -7.07106781e-01, -5.77350269e-01],\n",
       "        [-4.08248290e-01,  7.07106781e-01, -5.77350269e-01],\n",
       "        [-8.16496581e-01, -5.96409950e-17,  5.77350269e-01]]))"
      ]
     },
     "execution_count": 67,
     "metadata": {},
     "output_type": "execute_result"
    }
   ],
   "source": [
    "s,u =np.linalg.eig(c)\n",
    "np.linalg.eig(c)"
   ]
  },
  {
   "cell_type": "code",
   "execution_count": 55,
   "metadata": {
    "scrolled": true
   },
   "outputs": [
    {
     "data": {
      "text/plain": [
       "(array([[-4.08248290e-01,  7.07106781e-01, -5.77350269e-01],\n",
       "        [-4.08248290e-01, -7.07106781e-01, -5.77350269e-01],\n",
       "        [-8.16496581e-01, -4.34250533e-16,  5.77350269e-01]]),\n",
       " array([2.70000000e+01, 1.00000000e+00, 1.44214109e-15]),\n",
       " array([[-4.08248290e-01, -4.08248290e-01, -8.16496581e-01],\n",
       "        [ 7.07106781e-01, -7.07106781e-01, -1.13851925e-15],\n",
       "        [-5.77350269e-01, -5.77350269e-01,  5.77350269e-01]]))"
      ]
     },
     "execution_count": 55,
     "metadata": {},
     "output_type": "execute_result"
    }
   ],
   "source": [
    "u,s,v = np.linalg.svd(c)\n",
    "np.linalg.svd(c)"
   ]
  },
  {
   "cell_type": "code",
   "execution_count": 68,
   "metadata": {},
   "outputs": [
    {
     "data": {
      "text/plain": [
       "1.0"
      ]
     },
     "execution_count": 68,
     "metadata": {},
     "output_type": "execute_result"
    }
   ],
   "source": [
    "(u[0][0])**2+(u[1][0])**2+(u[2][0])**2"
   ]
  },
  {
   "cell_type": "code",
   "execution_count": 19,
   "metadata": {},
   "outputs": [
    {
     "data": {
      "text/plain": [
       "array([[ 3.67423461, -0.70710678,  0.        ],\n",
       "       [ 3.67423461,  0.70710678,  0.        ]])"
      ]
     },
     "execution_count": 19,
     "metadata": {},
     "output_type": "execute_result"
    }
   ],
   "source": [
    "# A*V\n",
    "np.dot(A,v.T)"
   ]
  },
  {
   "cell_type": "code",
   "execution_count": 20,
   "metadata": {},
   "outputs": [
    {
     "data": {
      "text/plain": [
       "array([[ 3.67423461, -0.70710678,  0.        ],\n",
       "       [ 3.67423461,  0.70710678,  0.        ]])"
      ]
     },
     "execution_count": 20,
     "metadata": {},
     "output_type": "execute_result"
    }
   ],
   "source": [
    "# U*S\n",
    "s=np.concatenate([np.diag(s),np.array([[0],[0]])],axis=1)\n",
    "np.dot(u,s)"
   ]
  },
  {
   "cell_type": "code",
   "execution_count": 21,
   "metadata": {},
   "outputs": [
    {
     "data": {
      "text/plain": [
       "array([[2., 1., 3.],\n",
       "       [1., 2., 3.]])"
      ]
     },
     "execution_count": 21,
     "metadata": {},
     "output_type": "execute_result"
    }
   ],
   "source": [
    "np.dot(np.dot(u,s),v)"
   ]
  },
  {
   "cell_type": "markdown",
   "metadata": {},
   "source": [
    "### 3 x 2"
   ]
  },
  {
   "cell_type": "code",
   "execution_count": 22,
   "metadata": {},
   "outputs": [],
   "source": [
    "A=np.array([[2,1],[1,2],[3,1],[4,1]])"
   ]
  },
  {
   "cell_type": "code",
   "execution_count": 23,
   "metadata": {},
   "outputs": [
    {
     "data": {
      "text/plain": [
       "(array([[-0.37988723, -0.11396958, -0.54945274, -0.7353899 ],\n",
       "        [-0.28516406, -0.92264063,  0.04669264,  0.25541247],\n",
       "        [-0.53809069,  0.11759758,  0.77205704, -0.31710746],\n",
       "        [-0.69629416,  0.34916474, -0.31598957,  0.54167243]]),\n",
       " array([5.86633024, 1.60815719]),\n",
       " array([[-0.92807377, -0.37239639],\n",
       "        [ 0.37239639, -0.92807377]]))"
      ]
     },
     "execution_count": 23,
     "metadata": {},
     "output_type": "execute_result"
    }
   ],
   "source": [
    "u,s,v=np.linalg.svd(A)\n",
    "np.linalg.svd(A)"
   ]
  },
  {
   "cell_type": "code",
   "execution_count": 24,
   "metadata": {
    "scrolled": true
   },
   "outputs": [
    {
     "data": {
      "text/plain": [
       "array([[ 1., -0., -0., -0.],\n",
       "       [-0.,  1.,  0.,  0.],\n",
       "       [-0.,  0.,  1.,  0.],\n",
       "       [-0.,  0.,  0.,  1.]])"
      ]
     },
     "execution_count": 24,
     "metadata": {},
     "output_type": "execute_result"
    }
   ],
   "source": [
    "np.round(np.dot(u,u.T))"
   ]
  },
  {
   "cell_type": "code",
   "execution_count": 25,
   "metadata": {
    "scrolled": true
   },
   "outputs": [
    {
     "data": {
      "text/plain": [
       "array([[-2.22854394, -0.18328099],\n",
       "       [-1.67286655, -1.48375116],\n",
       "       [-3.15661771,  0.1891154 ],\n",
       "       [-4.08469148,  0.56151179]])"
      ]
     },
     "execution_count": 25,
     "metadata": {},
     "output_type": "execute_result"
    }
   ],
   "source": [
    "np.dot(A,v.T)"
   ]
  },
  {
   "cell_type": "code",
   "execution_count": 26,
   "metadata": {},
   "outputs": [
    {
     "data": {
      "text/plain": [
       "array([5.86633024, 1.60815719, 0.        , 0.        ])"
      ]
     },
     "execution_count": 26,
     "metadata": {},
     "output_type": "execute_result"
    }
   ],
   "source": [
    "np.concatenate([s,np.array([0,0])])"
   ]
  },
  {
   "cell_type": "code",
   "execution_count": 27,
   "metadata": {},
   "outputs": [],
   "source": [
    "s=np.diag(np.concatenate([s,np.array([0,0])]))"
   ]
  },
  {
   "cell_type": "code",
   "execution_count": 28,
   "metadata": {
    "scrolled": true
   },
   "outputs": [
    {
     "data": {
      "text/plain": [
       "array([[-2.22854394, -0.18328099],\n",
       "       [-1.67286655, -1.48375116],\n",
       "       [-3.15661771,  0.1891154 ],\n",
       "       [-4.08469148,  0.56151179]])"
      ]
     },
     "execution_count": 28,
     "metadata": {},
     "output_type": "execute_result"
    }
   ],
   "source": [
    "us=np.dot(u,s)\n",
    "us[:,:2]"
   ]
  },
  {
   "cell_type": "code",
   "execution_count": 29,
   "metadata": {},
   "outputs": [
    {
     "data": {
      "text/plain": [
       "array([[2., 1.],\n",
       "       [1., 2.],\n",
       "       [3., 1.],\n",
       "       [4., 1.]])"
      ]
     },
     "execution_count": 29,
     "metadata": {},
     "output_type": "execute_result"
    }
   ],
   "source": [
    "np.dot(us[:,:2],v)"
   ]
  },
  {
   "cell_type": "code",
   "execution_count": 30,
   "metadata": {
    "scrolled": true
   },
   "outputs": [
    {
     "data": {
      "text/plain": [
       "(array([3.44138305e+01, 2.58616954e+00, 1.79440026e-17, 1.03231657e-15]),\n",
       " array([[-0.37988723,  0.11396958, -0.22450419,  0.91691299],\n",
       "        [-0.28516406,  0.92264063,  0.16883805, -0.23786365],\n",
       "        [-0.53809069, -0.11759758, -0.73285796, -0.16878043],\n",
       "        [-0.69629416, -0.34916474,  0.61968605, -0.27240526]]))"
      ]
     },
     "execution_count": 30,
     "metadata": {},
     "output_type": "execute_result"
    }
   ],
   "source": [
    "np.linalg.eig(np.dot(A,A.T))"
   ]
  },
  {
   "cell_type": "code",
   "execution_count": 31,
   "metadata": {
    "scrolled": true
   },
   "outputs": [
    {
     "data": {
      "text/plain": [
       "(array([34.41383046,  2.58616954]),\n",
       " array([[ 0.92807377, -0.37239639],\n",
       "        [ 0.37239639,  0.92807377]]))"
      ]
     },
     "execution_count": 31,
     "metadata": {},
     "output_type": "execute_result"
    }
   ],
   "source": [
    "np.linalg.eig(np.dot(A.T,A))"
   ]
  },
  {
   "cell_type": "code",
   "execution_count": 32,
   "metadata": {},
   "outputs": [
    {
     "data": {
      "text/plain": [
       "(array([[-0.37988723, -0.11396958, -0.54945274, -0.7353899 ],\n",
       "        [-0.28516406, -0.92264063,  0.04669264,  0.25541247],\n",
       "        [-0.53809069,  0.11759758,  0.77205704, -0.31710746],\n",
       "        [-0.69629416,  0.34916474, -0.31598957,  0.54167243]]),\n",
       " array([5.86633024, 1.60815719]),\n",
       " array([[-0.92807377, -0.37239639],\n",
       "        [ 0.37239639, -0.92807377]]))"
      ]
     },
     "execution_count": 32,
     "metadata": {},
     "output_type": "execute_result"
    }
   ],
   "source": [
    "np.linalg.svd(A)"
   ]
  },
  {
   "cell_type": "code",
   "execution_count": 33,
   "metadata": {},
   "outputs": [],
   "source": [
    "d=np.array([[-0.37988723, -0.11396958, -0.54945274, -0.7353899 ],\n",
    "        [-0.28516406, -0.92264063,  0.04669264,  0.25541247],\n",
    "        [-0.53809069,  0.11759758,  0.77205704, -0.31710746],\n",
    "        [-0.69629416,  0.34916474, -0.31598957,  0.54167243]])"
   ]
  },
  {
   "cell_type": "code",
   "execution_count": 34,
   "metadata": {},
   "outputs": [
    {
     "data": {
      "text/plain": [
       "array([[ 1.,  0.,  0.,  0.],\n",
       "       [ 0.,  1.,  0., -0.],\n",
       "       [ 0.,  0.,  1., -0.],\n",
       "       [ 0., -0., -0.,  1.]])"
      ]
     },
     "execution_count": 34,
     "metadata": {},
     "output_type": "execute_result"
    }
   ],
   "source": [
    "# 직교행렬 확인\n",
    "np.round(np.dot(d,d.T))"
   ]
  },
  {
   "cell_type": "markdown",
   "metadata": {},
   "source": [
    "### #####################"
   ]
  },
  {
   "cell_type": "code",
   "execution_count": 35,
   "metadata": {},
   "outputs": [],
   "source": [
    "#v=([[2,1],[3,1]])"
   ]
  },
  {
   "cell_type": "code",
   "execution_count": 36,
   "metadata": {},
   "outputs": [],
   "source": [
    "lam=np.diag(sorted(np.linalg.eig(a)[0], reverse=True))"
   ]
  },
  {
   "cell_type": "code",
   "execution_count": 37,
   "metadata": {},
   "outputs": [
    {
     "data": {
      "text/plain": [
       "array([[-2.78422132, -0.37239639],\n",
       "       [ 1.11718917, -0.92807377]])"
      ]
     },
     "execution_count": 37,
     "metadata": {},
     "output_type": "execute_result"
    }
   ],
   "source": [
    "np.dot(v,lam)"
   ]
  },
  {
   "cell_type": "code",
   "execution_count": 38,
   "metadata": {},
   "outputs": [
    {
     "data": {
      "text/plain": [
       "array([[ 2.72264186, -0.69122265],\n",
       "       [-0.69122265,  1.27735814]])"
      ]
     },
     "execution_count": 38,
     "metadata": {},
     "output_type": "execute_result"
    }
   ],
   "source": [
    "np.dot(np.dot(v,lam),np.linalg.inv(v))"
   ]
  },
  {
   "cell_type": "code",
   "execution_count": 39,
   "metadata": {},
   "outputs": [
    {
     "data": {
      "text/plain": [
       "array([[-0.92807377,  0.37239639],\n",
       "       [-0.37239639, -0.92807377]])"
      ]
     },
     "execution_count": 39,
     "metadata": {},
     "output_type": "execute_result"
    }
   ],
   "source": [
    "np.linalg.inv(v)"
   ]
  },
  {
   "cell_type": "code",
   "execution_count": 40,
   "metadata": {},
   "outputs": [],
   "source": [
    "b=([1,3,-1,2],[1,1,3,-2])"
   ]
  },
  {
   "cell_type": "code",
   "execution_count": 41,
   "metadata": {},
   "outputs": [
    {
     "data": {
      "text/plain": [
       "array([[ 3,  7,  1,  2],\n",
       "       [ 3,  5,  5, -2]])"
      ]
     },
     "execution_count": 41,
     "metadata": {},
     "output_type": "execute_result"
    }
   ],
   "source": [
    "np.dot(a,b)"
   ]
  },
  {
   "cell_type": "code",
   "execution_count": 42,
   "metadata": {},
   "outputs": [],
   "source": [
    "a=([[2,-1],[1,-2]])"
   ]
  },
  {
   "cell_type": "code",
   "execution_count": 43,
   "metadata": {
    "scrolled": true
   },
   "outputs": [
    {
     "data": {
      "text/plain": [
       "(array([ 1.73205081, -1.73205081]),\n",
       " array([[0.96592583, 0.25881905],\n",
       "        [0.25881905, 0.96592583]]))"
      ]
     },
     "execution_count": 43,
     "metadata": {},
     "output_type": "execute_result"
    }
   ],
   "source": [
    "np.linalg.eig(a)"
   ]
  },
  {
   "cell_type": "markdown",
   "metadata": {},
   "source": [
    "### 대칭행렬"
   ]
  },
  {
   "cell_type": "code",
   "execution_count": 44,
   "metadata": {},
   "outputs": [],
   "source": [
    "a=np.array([[2,1,3],[1,2,1],[3,1,2]])"
   ]
  },
  {
   "cell_type": "code",
   "execution_count": 45,
   "metadata": {},
   "outputs": [
    {
     "data": {
      "text/plain": [
       "(array([[-6.57192300e-01,  2.60956474e-01, -7.07106781e-01],\n",
       "        [-3.69048184e-01, -9.29410263e-01, -1.59154867e-16],\n",
       "        [-6.57192300e-01,  2.60956474e-01,  7.07106781e-01]]),\n",
       " array([5.56155281, 1.43844719, 1.        ]),\n",
       " array([[-6.57192300e-01, -3.69048184e-01, -6.57192300e-01],\n",
       "        [ 2.60956474e-01, -9.29410263e-01,  2.60956474e-01],\n",
       "        [ 7.07106781e-01, -3.96348516e-16, -7.07106781e-01]]))"
      ]
     },
     "execution_count": 45,
     "metadata": {},
     "output_type": "execute_result"
    }
   ],
   "source": [
    "np.linalg.svd(a)"
   ]
  },
  {
   "cell_type": "code",
   "execution_count": 46,
   "metadata": {},
   "outputs": [],
   "source": [
    "t=np.array([[-6.57192300e-01,  2.60956474e-01, -7.07106781e-01],\n",
    "        [-3.69048184e-01, -9.29410263e-01, -1.59154867e-16],\n",
    "        [-6.57192300e-01,  2.60956474e-01,  7.07106781e-01]])"
   ]
  },
  {
   "cell_type": "code",
   "execution_count": 47,
   "metadata": {},
   "outputs": [
    {
     "data": {
      "text/plain": [
       "array([[ 1., -0.,  0.],\n",
       "       [-0.,  1., -0.],\n",
       "       [ 0., -0.,  1.]])"
      ]
     },
     "execution_count": 47,
     "metadata": {},
     "output_type": "execute_result"
    }
   ],
   "source": [
    "np.round(np.dot(t,t.T))"
   ]
  },
  {
   "cell_type": "code",
   "execution_count": 48,
   "metadata": {},
   "outputs": [
    {
     "data": {
      "text/plain": [
       "array([[14,  7, 13],\n",
       "       [ 7,  6,  7],\n",
       "       [13,  7, 14]])"
      ]
     },
     "execution_count": 48,
     "metadata": {},
     "output_type": "execute_result"
    }
   ],
   "source": [
    "np.dot(a,a.T)"
   ]
  },
  {
   "cell_type": "code",
   "execution_count": 49,
   "metadata": {},
   "outputs": [
    {
     "data": {
      "text/plain": [
       "array([[14,  7, 13],\n",
       "       [ 7,  6,  7],\n",
       "       [13,  7, 14]])"
      ]
     },
     "execution_count": 49,
     "metadata": {},
     "output_type": "execute_result"
    }
   ],
   "source": [
    "np.dot(a.T,a)"
   ]
  },
  {
   "cell_type": "markdown",
   "metadata": {},
   "source": [
    "### ####"
   ]
  },
  {
   "cell_type": "code",
   "execution_count": 50,
   "metadata": {},
   "outputs": [],
   "source": [
    "A=([[1,2],[3,4]])"
   ]
  },
  {
   "cell_type": "code",
   "execution_count": 51,
   "metadata": {},
   "outputs": [],
   "source": [
    "b=([[1,1],[1,-1]])"
   ]
  },
  {
   "cell_type": "code",
   "execution_count": 52,
   "metadata": {},
   "outputs": [
    {
     "data": {
      "text/plain": [
       "array([[ 3, -1],\n",
       "       [ 7, -1]])"
      ]
     },
     "execution_count": 52,
     "metadata": {},
     "output_type": "execute_result"
    }
   ],
   "source": [
    "np.dot(A,b)"
   ]
  },
  {
   "cell_type": "code",
   "execution_count": 53,
   "metadata": {},
   "outputs": [
    {
     "data": {
      "text/plain": [
       "(array([[-0.40455358, -0.9145143 ],\n",
       "        [-0.9145143 ,  0.40455358]]),\n",
       " array([5.4649857 , 0.36596619]),\n",
       " array([[-0.57604844, -0.81741556],\n",
       "        [ 0.81741556, -0.57604844]]))"
      ]
     },
     "execution_count": 53,
     "metadata": {},
     "output_type": "execute_result"
    }
   ],
   "source": [
    "np.linalg.svd(A)"
   ]
  },
  {
   "cell_type": "code",
   "execution_count": null,
   "metadata": {},
   "outputs": [],
   "source": []
  }
 ],
 "metadata": {
  "kernelspec": {
   "display_name": "Python 3",
   "language": "python",
   "name": "python3"
  },
  "language_info": {
   "codemirror_mode": {
    "name": "ipython",
    "version": 3
   },
   "file_extension": ".py",
   "mimetype": "text/x-python",
   "name": "python",
   "nbconvert_exporter": "python",
   "pygments_lexer": "ipython3",
   "version": "3.6.9"
  }
 },
 "nbformat": 4,
 "nbformat_minor": 4
}
